
===========================================================================================================================================================================
                                                                                     Dependent variable:                                                                   
                  ---------------------------------------------------------------------------------------------------------------------------------------------------------
                      [         [        [        [         [         [        [         [         [         [        [         [         [        [        [         [    
                     (1)       (2)      (3)      (4)       (5)       (6)      (7)       (8)       (9)      (10)      (11)      (12)      (13)     (14)     (15)     (16)   
---------------------------------------------------------------------------------------------------------------------------------------------------------------------------
ma1               -0.507*** -0.528***                   -0.423*** -0.418***                    -0.439*** -0.469***                                       0.613*** 0.588*** 
                   (0.097)   (0.100)                     (0.130)   (0.130)                      (0.127)   (0.139)                                        (0.143)   (0.144) 
                                                                                                                                                                           
ar1                                   0.470*** 0.519***                     -0.291**  -0.239*                      0.605***  0.576***                     0.306*   0.329** 
                                      (0.108)  (0.122)                      (0.117)   (0.123)                      (0.095)   (0.101)                     (0.159)   (0.156) 
                                                                                                                                                                           
intercept                              0.147    -0.137                                                              -0.142  -0.719***                     -0.003  -0.606***
                                      (0.178)  (0.242)                                                             (0.198)   (0.200)                     (0.194)   (0.199) 
                                                                                                                                                                           
ma2                                                     -0.303*** -0.309***                    -0.404*** -0.394***                                                         
                                                         (0.113)   (0.112)                      (0.135)   (0.136)                                                          
                                                                                                                                                                           
ma3                                                       0.226     0.218                                                                                                  
                                                         (0.139)   (0.136)                                                                                                 
                                                                                                                                                                           
GDP per capita     -0.021     0.005    -0.012   0.017    -0.060    -0.071    -0.060   -0.023     0.038     0.020    0.031    0.068***   0.017    0.038    0.002   0.056*** 
                                                                                                                                                                           
                                                                                                                                                                           
indi               20.329              32.805            -28.876             -0.756             -15.535             20.312             -26.000            51.156           
                                                                                                                                                                           
                                                                                                                                                                           
coll                        238.213*            99.417             -33.381           395.585**            -97.564           384.686***          246.710           284.517**
                                                                                                                                                                           
                                                                                                                                                                           
---------------------------------------------------------------------------------------------------------------------------------------------------------------------------
Observations         68        68        69       69       68        68        68       68        68        68        69        69        68       68       69       69    
Log Likelihood     131.349   132.943  115.591  115.254   124.230   124.035  116.563   118.566   112.142   112.250  122.898   126.702   133.339  134.491  123.850   124.994 
sigma2              0.001     0.001    0.002    0.002     0.002     0.002    0.002     0.002     0.002     0.002    0.002     0.001     0.001    0.001    0.002     0.002  
Akaike Inf. Crit. -254.698  -257.885  -221.182 -220.507 -236.460  -236.070  -225.127 -229.132  -214.283  -214.500  -235.795  -243.404  -260.678 -262.981 -235.700 -237.989 
===========================================================================================================================================================================
Note:                                                                                                                                           *p<0.1; **p<0.05; ***p<0.01
