
=================================================================================================================================================================================================================================================================================================================================================================================================================================================================================================================================================
                                                                                                                                                                                                                                                                        Dependent variable:                                                                                                                                                                                                                                                      
                  -------------------------------------------------------------------------------------------------------------------------------------------------------------------------------------------------------------------------------------------------------------------------------------------------------------------------------------------------------------------------------------------------------------------------------------------------------------------------------------------------------------------------------
                                                                                                                                                                                                                                                                               y_ts                                                                                                                                                                                                                                                              
                  positive (1,0,1) positive (2,1,0) positive (0,0,0) positive (0,0,1) negative (0,0,0) negative (0,0,1) negative (0,0,0) negative (0,0,1) competent (0,0,0) competent (0,0,0) competent (0,0,0) competent (0,0,0) warm (0,0,0) warm (1,1,0) warm (0,0,1) warm (0,0,1) incompetent (0,0,0) incompetent (0,0,0) incompetent (0,0,0) incompetent (2,1,0) unwarm (0,0,0) unwarm (0,1,0) unwarm (0,0,0) unwarm (0,0,1) virtue (0,0,0) virtue (0,1,1) virtue (0,0,0) virtue (0,0,0) vice (0,0,0) vice (2,1,0) vice (0,0,0) vice (0,0,0)
                        (1)              (2)              (3)              (4)              (5)              (6)              (7)              (8)               (9)              (10)              (11)              (12)            (13)         (14)         (15)         (16)            (17)                (18)                (19)                (20)              (21)           (22)           (23)           (24)           (25)           (26)           (27)           (28)          (29)         (30)         (31)         (32)    
-------------------------------------------------------------------------------------------------------------------------------------------------------------------------------------------------------------------------------------------------------------------------------------------------------------------------------------------------------------------------------------------------------------------------------------------------------------------------------------------------------------------------------------------------
ar1                   0.906***        -0.576***                                                                                                                                                                                                  -0.242*                                                                                               -0.350**                                                                                                                                               0.089                              
                      (0.051)          (0.118)                                                                                                                                                                                                   (0.119)                                                                                                (0.111)                                                                                                                                              (0.117)                             
                                                                                                                                                                                                                                                                                                                                                                                                                                                                                                                                                 
ma1                  -0.487***                                            0.218*                           0.435***                          0.437***                                                                                                         0.451***     0.366***                                                                                                                                   0.484***                       -0.238                                                                                      
                      (0.113)                                            (0.101)                           (0.102)                           (0.114)                                                                                                          (0.077)      (0.083)                                                                                                                                    (0.089)                       (0.151)                                                                                      
                                                                                                                                                                                                                                                                                                                                                                                                                                                                                                                                                 
intercept            -0.172***                         -0.416***        -0.288***         0.063***          0.080            -0.063           0.060           -0.118***           0.081           -0.185**          -0.126***      -0.073***                  -0.358*     -0.199***        0.173***            0.287***            0.254***                              0.075***                       -0.033         -0.005       -0.144***                     -0.361***      -0.238***       0.016                    -0.220**    -0.086***  
                      (0.029)                           (0.056)          (0.020)          (0.010)          (0.124)          (0.062)          (0.035)           (0.010)           (0.075)           (0.061)           (0.023)        (0.011)                   (0.166)      (0.029)          (0.009)             (0.075)             (0.059)                              (0.010)                       (0.065)        (0.037)        (0.008)                       (0.053)        (0.017)       (0.011)                   (0.069)      (0.023)   
                                                                                                                                                                                                                                                                                                                                                                                                                                                                                                                                                 
ar2                                     -0.213                                                                                                                                                                                                                                                                                                         -0.422***                                                                                                                                             -0.303**                            
                                       (0.123)                                                                                                                                                                                                                                                                                                          (0.111)                                                                                                                                              (0.116)                             
                                                                                                                                                                                                                                                                                                                                                                                                                                                                                                                                                 
GDP per capita      -0.00001***        -0.00001         -0.00000         -0.00001         -0.00000         0.00000          0.00000          0.00000          -0.00001          -0.00002          -0.00001          -0.00002        -0.00001     -0.00001     0.00001      -0.00000         0.00001             0.00000             0.00000             0.00001          0.00000        0.00001        0.00001        0.00001        -0.00001       -0.00000       0.00001        -0.00000      -0.00000     0.00000      0.00001      0.00000   
                                                                                                                                                                                                                                                                                                                                                                                                                                                                                                                                                 
                                                                                                                                                                                                                                                                                                                                                                                                                                                                                                                                                 
indi                  42.748*                                                              23.474                                                              -12.103                                                             62.940***                                                -20.688                                                                      38.443**                                                   57.397***                                                  62.305***                                         
                                                                                                                                                                                                                                                                                                                                                                                                                                                                                                                                                 
                                                                                                                                                                                                                                                                                                                                                                                                                                                                                                                                                 
coll                                   151.244                                                             -12.545                                                             -240.992**                                                        397.001                                                       -142.908                                                                 506.318                                                     162.059                                                  249.755                             
                                                                                                                                                                                                                                                                                                                                                                                                                                                                                                                                                 
                                                                                                                                                                                                                                                                                                                                                                                                                                                                                                                                                 
tight                                                  117.062***                                                           57.818*                                                                28.251                                                     132.090                                                               -38.052                                                             51.629                                                    101.553***                                             110.102***              
                                                                                                                                                                                                                                                                                                                                                                                                                                                                                                                                                 
                                                                                                                                                                                                                                                                                                                                                                                                                                                                                                                                                 
loose                                                                   67.939***                                                             4.743                                                                   2.436                                               69.105***                                                                     11.580                                                         43.934                                                    52.701***                                            57.243***  
                                                                                                                                                                                                                                                                                                                                                                                                                                                                                                                                                 
                                                                                                                                                                                                                                                                                                                                                                                                                                                                                                                                                 
-------------------------------------------------------------------------------------------------------------------------------------------------------------------------------------------------------------------------------------------------------------------------------------------------------------------------------------------------------------------------------------------------------------------------------------------------------------------------------------------------------------------------------------------------
Observations             69               68               69               69               69               69               69               69               69                69                69                69              69           68           69           69              69                  69                  69                  68                69             68             69             69             69             68             69             69            69           68           69           69     
Log Likelihood        135.500          133.689          115.078          138.266          107.052          113.720          107.936          113.778           108.638           111.734           108.818           108.282        100.545      118.616      113.113      120.354          111.831             111.881             111.716             109.510          106.271        115.968        104.436        121.958        120.096        135.616        118.201        127.963       102.006      114.555      100.656      107.317   
sigma2                 0.001            0.001            0.002            0.001            0.003            0.002            0.003            0.002             0.003             0.002             0.002             0.003          0.003        0.002        0.002        0.002            0.002               0.002               0.002               0.002            0.003          0.002          0.003          0.002          0.002          0.001          0.002          0.001         0.003        0.002        0.003        0.003    
Akaike Inf. Crit.     -259.001         -257.378         -222.157         -266.532         -206.104         -217.440         -207.872         -217.556         -209.277          -215.468          -209.635          -208.564        -193.091     -229.232     -216.227     -230.708        -215.662            -215.762            -215.432            -209.020          -204.542       -225.937       -200.872       -233.916       -232.193       -263.233       -228.401       -247.926      -196.012     -219.110     -193.312     -206.634  
=================================================================================================================================================================================================================================================================================================================================================================================================================================================================================================================================================
Note:                                                                                                                                                                                                                                                                                                                                                                                                                                                                                                               *p<0.05; **p<0.01; ***p<0.001
